0 - 277 173 216 164 160 3 13 5 172 215 - 64 135 163 94 151 123 
1 - 38 248 44 277 169 56 198 110 - 39 154 262 215 
2 - 112 24 241 69 - 163 53 259 85 162 67 280 271 49 129 
3 - 19 279 221 107 182 160 43 - 50 261 275 174 129 
4 - 289 231 230 2 116 284 122 144 259 187 244 86 107 93 270 98 - 57 206 96 189 46 130 294 72 30 146 8 268 
5 - 199 264 168 35 226 190 19 - 113 10 182 210 98 28 108 
6 - 58 133 237 141 67 81 172 48 153 100 250 30 191 76 212 - 61 267 43 62 67 
7 - 230 219 193 129 16 253 193 169 215 168 200 131 181 - 55 58 223 89 162 68 149 21 
8 - 62 190 94 266 289 286 210 45 - 108 98 119 278 231 122 252 74 
9 - 56 37 202 233 75 44 155 - 102 14 48 79 181 133 20 93 
10 - 256 184 157 227 204 151 24 - 130 217 181 1 
11 - 176 294 243 37 - 214 203 191 229 129 65 36 46 30 185 176 
12 - 78 295 81 248 17 237 176 - 276 97 216 198 1 31 106 184 228 164 239 109 
13 - 45 208 209 64 98 109 - 103 72 8 270 45 167 73 70 160 
14 - 129 290 148 268 158 299 100 150 73 259 56 182 234 126 - 161 265 274 149 
15 - 142 274 11 197 45 106 21 8 - 128 
16 - 291 258 - 286 251 214 174 179 134 48 256 
17 - 40 81 252 276 281 76 25 109 221 153 75 118 225 - 105 273 135 268 84 
18 - 290 262 - 185 17 26 143 
19 - 126 55 143 162 - 167 265 72 291 218 59 23 288 270 138 115 65 196 141 175 75 285 184 169 270 
20 - 123 209 2 298 175 - 113 297 261 63 284 
21 - 141 219 181 207 114 73 166 138 101 26 284 197 235 - 122 124 136 100 170 204 187 
22 - 165 266 37 126 10 292 158 275 1 - 
23 - 48 104 209 200 115 251 265 209 158 297 192 149 232 - 152 80 107 101 104 269 225 283 65 98 90 53 22 81 
24 - 149 62 178 66 222 276 241 21 - 153 129 249 72 200 47 249 
25 - 235 185 289 97 263 116 274 206 296 203 170 264 81 6 203 296 268 190 - 66 271 171 33 251 48 72 189 124 165 
26 - 5 130 263 - 44 20 191 192 0 171 127 209 229 177 144 40 
27 - 169 3 122 202 27 - 147 221 7 85 135 
28 - 242 28 112 212 110 34 94 140 219 50 230 126 - 17 223 250 129 19 171 
29 - 181 32 188 270 138 120 32 56 228 283 298 86 212 133 13 - 53 
30 - 113 239 299 68 45 16 73 - 169 103 267 114 142 64 273 34 250 41 161 215 208 259 246 296 208 
31 - 128 292 52 219 38 229 209 8 281 130 142 159 142 81 - 19 7 19 127 146 143 
32 - 133 261 89 44 - 80 258 195 166 184 
33 - 100 31 76 174 209 - 18 119 198 212 208 285 206 278 25 39 35 94 116 269 80 
34 - 158 11 189 161 234 218 195 256 243 80 26 - 276 38 203 246 69 
35 - 72 280 288 24 136 219 12 260 272 - 221 32 120 68 
36 - 134 277 294 59 97 - 9 
37 - 266 112 199 185 20 220 122 249 151 224 52 116 - 15 289 
38 - 35 129 156 104 21 188 229 183 46 263 28 - 236 196 72 172 51 179 162 88 220 187 168 211 79 175 
39 - 125 15 282 114 14 157 5 274 - 38 
40 - 116 - 91 19 49 214 58 
41 - 247 185 123 195 109 57 220 32 240 268 - 149 29 80 67 
42 - 110 232 261 251 43 122 296 277 28 - 68 237 159 98 202 280 109 29 182 8 
43 - 170 232 35 119 127 125 25 94 24 82 4 85 234 152 - 29 292 239 288 256 62 234 47 267 
44 - - 109 111 176 233 32 125 
45 - 127 12 69 218 20 246 299 76 155 286 40 - 231 192 109 52 291 274 111 226 
46 - 220 182 42 28 280 155 222 170 113 - 234 172 280 199 0 19 144 
47 - 165 142 141 - 246 59 223 174 188 286 105 46 42 
48 - 146 54 15 288 141 - 195 9 257 277 107 237 214 204 
49 - 244 - 89 33 106 220 109 234 21 296 9 180 162 226 
50 - 58 - 263 269 233 43 279 149 96 242 25 162 
51 - 134 224 79 199 147 27 193 89 253 - 214 181 61 200 
52 - 196 211 235 - 276 278 34 60 228 1 23 185 281 119 24 
53 - 157 101 236 184 - 214 16 257 275 259 156 221 
54 - 280 188 26 102 109 11 - 120 123 19 28 221 198 283 296 163 52 252 214 
55 - 170 72 33 31 208 212 241 263 247 101 290 - 71 132 220 0 64 7 235 138 280 220 95 
56 - - 90 28 118 272 167 86 213 88 254 281 
57 - 28 277 59 137 11 5 4 196 271 274 60 132 - 283 218 49 37 148 288 230 24 14 39 142 175 179 
58 - 167 149 56 234 253 174 150 251 152 7 248 203 - 151 40 31 77 238 98 244 288 
59 - 64 143 19 - 208 106 99 279 
60 - - 65 260 253 40 128 
61 - 166 296 133 226 284 21 151 0 252 255 208 116 45 266 235 54 188 - 66 179 75 163 90 89 109 154 
62 - 20 280 - 70 103 96 190 1 249 215 
63 - 29 95 236 46 200 210 257 204 83 - 108 293 
64 - 168 171 282 269 205 114 98 4 267 9 246 70 127 242 - 44 280 40 162 32 179 3 159 11 295 
65 - 101 139 215 182 250 - 253 195 210 155 118 247 16 138 271 269 
66 - 125 153 155 115 75 216 120 48 - 294 247 37 16 277 91 31 42 36 217 212 
67 - 289 186 217 82 204 55 33 253 16 43 283 299 73 217 290 - 36 281 269 31 163 87 23 173 96 64 156 253 242 41 132 200 199 282 34 36 
68 - 178 14 85 275 138 117 293 199 - 161 84 185 122 180 57 
69 - 249 260 103 194 101 292 22 214 - 210 74 133 63 258 1 189 50 169 299 244 
70 - 20 221 191 81 93 255 87 - 118 207 16 30 14 151 
71 - 292 218 20 161 36 41 126 204 283 102 60 278 135 - 41 136 186 178 119 118 224 288 189 23 167 239 
72 - 13 65 58 246 281 89 - 165 238 4 16 
73 - 24 220 298 186 290 117 160 154 276 121 - 185 162 36 201 187 271 
74 - 54 160 - 282 268 46 60 136 126 292 227 
75 - 94 189 21 124 132 274 205 93 245 181 - 37 60 255 71 44 215 136 224 66 56 274 
76 - 187 140 148 - 145 180 296 295 277 216 95 41 117 34 151 279 218 238 85 27 119 13 
77 - 261 175 79 284 120 269 - 153 149 56 115 116 207 
78 - 251 151 186 46 295 - 294 
79 - 120 261 243 23 18 61 105 254 214 124 109 3 234 251 112 - 8 133 94 113 
80 - 97 127 67 - 278 207 170 224 21 
81 - 239 148 - 245 73 223 8 164 
82 - 230 170 163 265 47 65 81 165 243 194 150 42 - 126 84 47 133 139 131 61 293 118 4 25 83 78 129 30 230 208 
83 - 24 130 299 299 69 182 146 - 122 259 285 48 182 229 23 249 43 136 158 36 67 114 230 81 
84 - 93 58 146 2 161 - 229 37 39 61 46 204 177 
85 - 78 20 115 154 124 141 220 103 287 109 240 208 209 84 - 119 272 144 271 206 144 76 
86 - 85 268 0 187 139 111 12 191 204 150 1 34 - 139 87 168 9 114 
87 - 33 98 204 282 - 148 190 27 
88 - 136 126 - 270 119 50 296 174 235 273 279 187 163 163 
89 - 31 106 218 12 176 66 - 187 164 206 160 172 233 227 37 66 20 99 
90 - 50 169 251 278 - 290 203 161 68 99 41 
91 - 229 105 125 83 154 138 165 235 12 213 84 106 173 10 33 215 73 256 165 - 107 
92 - 128 32 289 215 165 227 216 68 - 34 46 139 286 156 140 
93 - 121 296 226 39 88 88 - 248 207 205 115 203 3 36 290 258 52 90 188 270 201 
94 - 99 208 22 45 74 28 - 299 
95 - 32 214 245 93 265 239 248 - 37 104 97 291 21 208 165 255 
96 - 282 118 - 236 61 162 27 243 296 59 278 
97 - 183 60 62 81 141 234 32 195 259 165 - 145 288 
98 - 62 184 225 118 60 138 - 179 249 57 276 109 166 125 112 176 141 191 77 
99 - 55 4 156 143 45 218 - 297 17 27 189 223 
100 - 146 21 100 145 - 245 216 
101 - 203 172 231 173 295 - 132 111 68 
102 - 192 122 202 - 233 283 274 218 280 
103 - 253 106 33 183 - 
104 - 182 189 16 294 36 37 109 162 - 49 272 177 174 114 262 
105 - 137 198 - 23 50 
106 - 106 - 112 19 
107 - 158 124 159 290 195 32 - 264 285 237 
108 - 24 234 152 198 77 105 - 19 109 81 275 218 3 
109 - 245 103 79 188 270 206 - 187 73 112 246 
110 - 248 154 12 85 - 
111 - 190 83 172 150 169 15 183 86 47 - 152 234 278 190 297 
112 - 112 261 243 33 53 192 141 271 123 145 - 105 170 144 
113 - 276 226 71 159 86 216 105 107 114 169 113 - 105 149 
114 - 253 151 39 164 75 - 254 42 177 262 65 12 258 
115 - 39 227 33 79 39 243 - 88 17 154 237 159 65 241 184 
116 - 246 279 50 76 - 108 16 116 23 69 262 
117 - 243 130 40 162 61 4 87 59 6 189 159 275 161 28 76 73 - 37 155 51 130 231 195 103 11 165 285 
118 - 45 141 145 79 286 - 153 262 114 159 92 213 135 
119 - 192 217 - 113 95 151 238 22 246 283 39 31 
120 - 35 165 257 - 233 199 106 253 128 166 191 41 169 
121 - 279 163 145 277 16 248 - 92 59 42 138 242 203 
122 - 148 255 212 - 75 202 47 59 76 173 110 276 145 
123 - 234 80 54 10 239 49 43 30 - 239 280 
124 - 184 115 102 273 26 162 108 - 23 291 60 180 149 187 274 228 37 45 186 
125 - - 45 224 229 230 265 229 254 33 220 37 234 76 
126 - 235 153 42 22 257 4 37 32 195 299 235 151 70 24 59 55 182 130 - 295 26 66 70 40 210 203 17 60 297 
127 - 60 269 181 265 115 166 - 193 50 226 294 85 121 26 266 147 2 
128 - 254 81 69 169 271 215 - 90 62 170 224 140 59 66 155 146 280 152 154 167 293 154 298 
129 - 218 36 100 4 218 - 77 56 229 229 15 
130 - 14 20 55 137 146 208 89 - 63 131 1 49 
131 - 289 220 196 81 116 161 - 100 12 99 4 167 155 
132 - 201 155 171 61 212 237 44 250 - 218 81 216 
133 - 164 292 76 192 67 268 238 217 163 228 - 164 213 202 290 71 225 214 171 84 195 250 291 298 178 207 163 112 186 
134 - 272 75 132 188 8 43 165 - 57 180 49 5 285 9 222 194 4 69 207 272 31 104 54 298 
135 - 265 0 79 158 90 136 46 87 269 91 195 180 280 227 272 - 7 271 288 91 219 270 14 254 88 
136 - 264 3 51 94 - 261 158 128 222 11 
137 - 112 - 129 196 270 94 284 31 136 20 3 
138 - 241 290 44 182 166 183 204 - 263 12 232 110 126 
139 - 186 199 227 12 140 229 215 260 174 - 68 201 
140 - 110 105 183 81 122 - 185 236 139 150 90 1 247 203 204 177 249 14 12 
141 - 299 41 193 103 278 113 250 229 230 48 109 149 74 59 225 79 - 21 193 56 274 186 130 130 20 
142 - 254 193 154 88 11 1 9 241 291 179 174 58 178 240 - 195 146 235 286 103 148 259 249 33 62 202 
143 - 201 122 191 238 93 222 - 75 90 209 220 105 58 28 180 282 193 164 
144 - - 284 97 173 2 173 53 172 251 294 256 22 158 286 99 81 128 243 
145 - 237 109 - 232 51 270 282 101 189 59 176 282 174 125 93 
146 - 25 81 20 115 81 77 234 224 74 298 84 - 
147 - 50 276 33 - 277 86 157 19 72 56 157 275 132 220 
148 - 103 212 134 - 199 274 187 173 0 280 273 204 157 152 32 98 114 
149 - 96 70 192 78 268 6 158 70 189 24 49 - 34 211 160 244 248 211 133 18 37 273 214 33 107 159 35 198 258 36 149 
150 - 81 52 259 198 178 21 - 107 280 104 173 140 285 35 
151 - 170 189 255 165 88 - 174 135 46 90 288 159 249 247 127 262 95 
152 - 36 - 233 194 133 244 2 144 139 65 181 35 249 87 118 257 175 
153 - 41 46 14 85 238 162 55 153 274 241 18 0 184 279 269 - 288 239 106 
154 - 66 198 17 147 - 123 265 43 135 122 159 264 202 106 227 
155 - 145 211 5 168 157 140 274 0 - 75 189 221 86 132 
156 - 140 268 283 180 270 145 20 276 29 17 153 43 - 14 95 222 11 285 250 92 261 68 68 108 278 265 146 43 170 187 31 
157 - 228 3 15 186 116 281 192 - 262 275 143 118 195 244 
158 - 58 227 19 - 248 235 
159 - 119 242 135 155 171 256 164 212 290 43 11 287 257 192 70 - 257 218 
160 - 220 238 164 189 65 224 - 78 279 194 42 
161 - 207 86 133 - 99 262 95 234 21 86 265 107 247 
162 - 96 237 43 83 45 188 257 246 62 - 16 99 97 201 236 70 249 30 106 287 5 156 7 90 36 179 
163 - 156 60 183 200 144 178 25 16 59 238 31 5 66 164 - 58 37 67 163 145 163 242 173 
164 - 248 194 219 83 8 275 105 24 156 - 273 118 10 40 36 
165 - 253 67 101 279 224 - 291 100 257 207 18 200 116 240 233 288 
166 - 160 230 51 20 260 191 178 231 128 258 24 260 - 65 177 194 135 223 253 32 78 84 183 2 267 
167 - 115 173 142 272 184 163 95 265 276 45 51 77 - 67 117 164 157 220 77 223 158 62 154 246 82 182 163 
168 - 295 249 22 143 165 260 90 199 88 124 62 81 134 115 292 56 110 13 - 165 299 78 117 198 85 288 
169 - 42 263 154 37 279 125 71 249 81 108 - 75 143 49 70 53 14 176 98 182 113 
170 - 40 174 - 169 265 76 81 107 217 257 184 4 
171 - 105 145 255 147 41 252 - 210 102 12 44 121 58 127 245 181 278 68 
172 - 66 212 119 62 183 16 155 79 - 209 25 275 219 269 11 17 111 84 135 148 
173 - 167 285 221 126 102 227 290 269 106 - 38 273 147 91 105 295 166 64 109 
174 - 177 25 60 253 240 294 231 156 - 266 273 210 47 255 233 127 279 92 217 41 231 74 264 
175 - 111 243 185 99 284 237 42 52 76 - 247 290 212 38 147 280 180 38 133 183 
176 - 267 126 56 167 97 233 61 200 179 18 - 47 96 120 16 169 122 31 287 227 238 64 3 120 
177 - 205 260 29 - 50 62 27 204 284 137 183 284 25 137 116 298 67 184 119 
178 - 0 179 97 269 144 196 - 82 151 248 292 82 
179 - 29 41 34 190 256 21 72 125 152 181 123 - 82 48 
180 - - 137 69 66 188 
181 - 50 90 48 171 264 219 56 29 293 193 110 52 - 273 222 49 171 13 54 204 64 
182 - 246 - 67 123 284 72 
183 - 149 244 46 296 29 215 74 219 142 - 138 102 
184 - 279 186 209 151 152 67 37 41 232 - 127 212 254 43 
185 - 29 54 231 52 167 13 247 66 - 116 145 75 215 86 
186 - 275 237 234 260 4 67 154 26 288 - 170 156 173 
187 - 84 - 115 95 74 167 186 218 128 48 82 236 178 45 
188 - 224 34 88 163 248 241 18 34 275 117 233 245 288 - 186 141 37 0 286 256 74 17 299 245 181 80 291 82 198 171 203 
189 - 274 238 242 204 124 43 110 4 - 116 292 88 39 180 57 81 
190 - 254 48 71 258 - 123 54 280 155 102 165 49 81 194 269 240 227 14 53 
191 - 176 95 220 98 282 130 11 266 159 175 - 54 171 160 111 272 241 
192 - 188 258 292 136 - 63 76 271 223 167 76 119 
193 - 65 269 156 192 103 36 62 - 8 163 270 95 72 102 16 
194 - 236 275 186 157 188 153 143 190 - 283 174 105 27 134 262 225 154 86 279 64 202 197 274 
195 - 146 181 - 60 24 
196 - 183 8 101 56 84 9 127 40 157 - 33 293 96 46 217 144 175 136 141 
197 - 90 162 55 59 69 - 50 227 46 255 105 150 132 142 181 
198 - 104 242 112 170 - 255 147 224 47 90 29 
199 - 63 72 287 117 - 186 
200 - 89 80 262 242 55 138 258 276 137 14 251 73 7 - 98 287 228 274 266 
201 - 49 200 59 90 - 73 158 147 160 148 43 90 
202 - - 231 
203 - 292 191 267 44 161 133 - 216 208 11 174 23 146 
204 - 114 138 155 83 47 193 169 158 186 79 294 85 - 27 22 212 
205 - 207 124 114 288 213 195 253 21 - 20 213 
206 - 222 215 12 220 123 2 113 104 285 161 33 58 114 219 50 - 267 229 4 213 153 105 15 89 
207 - 32 58 166 - 155 18 270 51 89 48 119 14 122 230 38 
208 - 31 64 72 79 110 - 109 36 72 
209 - 10 30 239 15 121 142 87 62 205 259 203 - 175 95 124 40 120 
210 - 222 1 223 211 - 196 168 247 38 289 
211 - 295 100 30 286 209 64 277 21 - 158 40 103 127 292 133 207 125 194 209 52 255 290 107 
212 - 26 108 20 95 57 - 13 250 26 269 181 92 231 18 166 243 159 105 
213 - 262 52 89 168 202 284 - 176 217 126 93 96 44 
214 - 151 209 296 213 113 15 - 39 226 185 250 278 112 56 
215 - 91 169 132 83 261 76 135 151 256 209 162 87 193 - 96 91 39 220 142 125 26 120 60 
216 - 246 111 298 243 297 169 172 262 177 181 213 271 156 - 224 291 213 193 
217 - 153 254 239 236 57 150 78 292 192 162 - 169 156 282 86 86 50 68 
218 - 208 20 144 236 76 267 145 209 244 297 18 102 - 102 221 203 265 271 286 244 158 35 
219 - 62 55 174 276 293 10 42 - 5 33 207 176 267 56 203 22 224 97 217 
220 - 84 257 214 251 - 41 
221 - 244 278 249 170 23 60 199 165 - 294 70 48 215 86 272 179 274 282 
222 - 72 158 295 140 206 - 257 294 146 222 151 101 234 
223 - 76 29 170 243 - 201 70 289 286 33 82 
224 - 137 - 109 16 260 196 191 26 200 103 244 8 294 138 81 73 
225 - 113 238 295 232 - 119 258 158 286 128 87 
226 - 76 48 201 173 76 276 147 117 118 53 279 - 103 82 87 125 112 54 32 166 216 74 
227 - 76 152 174 168 45 48 105 185 224 - 206 114 109 90 65 153 167 
228 - 183 93 137 224 190 231 187 45 8 254 175 180 204 110 233 198 150 - 142 65 153 243 196 231 192 72 0 56 126 292 
229 - 267 227 114 252 - 257 167 61 198 218 66 120 130 185 
230 - 32 178 255 217 18 207 47 152 89 291 274 115 262 - 44 169 267 152 203 138 235 2 166 22 12 194 182 28 239 135 142 
231 - 148 104 168 - 167 126 251 183 0 0 232 
232 - 266 260 110 84 15 217 126 18 57 190 - 253 269 163 210 103 224 
233 - 10 139 60 89 13 19 229 264 108 32 58 137 190 205 - 223 224 209 
234 - 156 15 89 83 202 257 111 218 - 114 206 44 138 104 113 
235 - 132 194 51 259 27 188 188 - 280 188 69 115 68 277 288 24 8 
236 - 16 88 81 286 257 237 260 - 103 53 17 134 294 
237 - 162 121 72 10 - 144 298 21 235 224 250 218 31 
238 - 203 100 154 - 31 135 277 
239 - 264 78 274 - 61 86 64 190 290 
240 - 244 211 44 52 52 168 181 283 233 60 255 136 228 247 - 19 199 180 80 100 29 3 54 269 76 227 271 213 
241 - 235 68 1 164 210 81 199 155 - 241 122 169 271 124 149 205 121 156 110 145 185 18 236 
242 - 147 24 222 157 127 281 296 49 259 118 159 41 153 124 86 184 56 - 59 252 141 169 161 278 197 229 66 36 26 291 180 110 153 250 98 
243 - 287 153 4 174 74 26 6 - 73 
244 - 101 199 19 172 286 0 149 106 - 286 175 237 123 27 136 250 
245 - 206 228 144 283 270 269 65 - 77 6 8 111 
246 - 200 174 197 203 186 70 71 154 - 24 238 52 
247 - 90 59 105 180 242 114 - 2 273 116 126 
248 - 9 147 207 81 34 206 199 169 - 290 54 274 216 279 287 64 
249 - 272 75 167 61 208 50 117 21 62 3 295 253 231 190 160 286 102 - 166 14 30 230 53 135 249 253 270 
250 - 138 158 257 251 82 139 4 170 256 299 190 - 52 100 78 86 10 17 265 13 239 37 
251 - 148 104 - 169 189 153 
252 - 155 153 132 158 17 - 209 87 250 126 
253 - 0 137 272 273 73 252 56 201 277 299 159 263 213 70 231 182 268 19 - 185 155 104 247 204 246 40 107 
254 - 249 167 94 137 231 191 - 159 117 133 245 60 40 13 283 
255 - 96 81 169 127 204 - 54 166 106 247 203 126 93 
256 - 152 173 268 271 - 40 12 208 148 179 110 129 27 200 233 
257 - 255 211 278 105 267 69 125 79 190 86 82 292 243 200 99 - 11 115 20 15 64 259 278 
258 - 248 173 165 293 246 286 129 44 26 178 158 270 - 
259 - 183 80 165 89 162 275 69 166 124 - 25 64 138 
260 - 78 4 92 220 34 86 3 80 30 76 - 147 175 
261 - 66 148 87 52 197 - 222 228 57 230 164 74 185 94 56 234 
262 - 2 52 127 239 0 249 - 130 53 129 210 44 
263 - 218 54 37 3 19 50 266 124 188 276 49 74 - 159 219 203 20 245 17 252 159 
264 - 192 225 71 142 263 92 - 294 67 198 260 25 19 
265 - 47 257 84 298 115 279 187 50 3 97 143 249 104 296 70 229 - 103 33 24 262 234 128 62 211 
266 - 138 77 263 110 112 145 96 31 284 16 265 57 152 - 71 243 66 209 271 243 161 
267 - 167 221 56 19 34 156 241 257 231 100 194 89 157 - 266 283 
268 - 170 4 96 179 84 298 8 216 19 280 - 266 
269 - 99 182 90 283 284 133 62 183 124 95 179 253 4 - 
270 - 187 247 181 132 290 - 297 264 194 73 143 255 161 175 23 46 238 87 127 
271 - 75 40 256 84 299 190 141 45 266 199 243 138 264 - 272 
272 - 36 167 251 122 90 - 201 24 47 132 241 26 70 256 137 249 231 79 195 178 145 110 32 299 
273 - 51 62 249 267 243 121 - 251 154 170 102 167 36 298 
274 - 74 198 135 127 205 64 250 - 65 81 90 202 204 170 137 
275 - 39 266 122 276 231 - 158 270 88 110 99 123 
276 - 192 149 295 126 179 217 51 - 170 76 74 296 179 117 278 
277 - 52 38 255 16 287 257 47 232 - 144 121 193 143 245 
278 - 53 - 7 188 215 
279 - 188 - 229 45 72 151 21 191 276 63 262 5 263 77 
280 - 190 295 32 178 37 69 169 100 150 76 - 206 224 
281 - 135 89 258 192 117 291 175 22 274 133 165 290 156 128 - 225 113 134 286 148 270 232 256 26 31 229 265 243 
282 - 172 180 94 - 4 198 196 
283 - 174 58 97 106 187 226 42 123 59 4 242 241 204 - 34 201 76 38 237 104 44 77 
284 - 175 11 272 90 266 89 118 247 62 157 2 224 185 - 102 
285 - 24 61 212 80 68 215 28 77 74 202 254 - 135 270 274 106 228 113 98 258 117 154 45 261 193 216 287 284 
286 - 12 96 41 - 273 30 293 260 215 143 193 237 113 246 29 218 205 133 30 63 
287 - 70 207 - 82 61 211 29 228 251 107 245 228 100 
288 - 42 250 212 286 16 89 125 226 25 152 251 218 188 - 123 10 181 89 279 100 5 183 289 289 189 283 
289 - 246 3 213 175 151 277 246 - 0 142 159 8 151 119 7 168 46 
290 - 156 61 61 42 210 294 83 23 124 - 121 
291 - 122 66 7 - 225 0 40 248 90 271 258 281 79 235 77 
292 - 169 256 171 10 27 256 64 169 235 182 2 28 208 207 249 101 18 89 116 - 241 227 
293 - 139 181 262 44 - 107 269 157 168 101 77 210 120 87 101 117 68 78 231 107 138 139 4 259 
294 - 217 67 11 220 63 - 33 271 194 46 179 287 102 4 283 34 
295 - 188 245 107 - 37 103 206 173 261 90 17 81 224 207 71 
296 - 249 85 116 248 283 1 - 23 86 
297 - 202 42 299 254 93 149 95 69 281 47 102 156 90 36 109 - 150 279 273 86 78 229 32 159 131 234 70 160 201 
298 - 230 280 17 296 159 102 91 189 87 170 171 17 39 96 78 - 243 299 226 136 285 
299 - 265 48 276 243 9 29 128 161 296 80 100 292 - 283 52 98 72 228 
